PSNR: 36.03851627404504
outliers: 110
The change is more than 8: 9585
accuracy: 0.9967798913043479
