PSNR: 36.126214772074505
outliers: 12accuracy: 0.9910530146791217
accuracy: 0.9960389503218353
accuracy: 0.9953260234514056
accuracy: 0.9910530146791217
accuracy: 0.9976935749588138
accuracy: 0.9956840542045665
accuracy: 0.9960389503218353
