PSNR: 36.145914092786946
outliers: 561accuracy: 0.9960389503218353
accuracy: 0.9910530146791217
accuracy: 0.9957229129662523
accuracy: 0.9973345771973079
accuracy: 0.9957229129662523
accuracy: 0.9976935749588138
accuracy: 0.9956840542045665
