PSNR: 36.0657576372427
outliers: 257accuracy: 0.9953125
accuracy: 0.9976935749588138
accuracy: 0.9956840542045665
accuracy: 0.9956840542045665
accuracy: 0.9956840542045665
accuracy: 0.9953260234514056
accuracy: 0.9953125
