PSNR: 36.07771390786017
outliers: 1
The change is more than 8: 4064
accuracy: 0.9953125
