PSNR: 36.02221728122279
outliers: 1accuracy: 0.9964673913043478
accuracy: 0.9964673913043478
accuracy: 0.9964673913043478
