PSNR: 36.02221728122279
outliers: 1accuracy: 0.9964673913043478
accuracy: 0.9920922570016475
accuracy: 0.9951913239206057
accuracy: 0.9938741414516429
accuracy: 0.9974747474747475
