PSNR: 36.07771390786017
outliers: 1accuracy: 0.9966748516472274
accuracy: 0.9956840542045665
accuracy: 0.9976935749588138
accuracy: 0.9960389503218353
accuracy: 0.9910530146791217
accuracy: 0.9957229129662523
accuracy: 0.9957229129662523
