PSNR: 37.961443530960054
outliers: 3
The change is more than 8: 842
accuracy: 0.9915953545232273
