PSNR: 37.74021349729102
outliers: 9187
The change is more than 8: 3650
accuracy: 0.9914145164284388
