PSNR: 35.95051887298045
outliers: 8621accuracy: 0.9976935749588138
accuracy: 0.9966748516472274
accuracy: 0.9960389503218353
accuracy: 0.9976935749588138
accuracy: 0.9973345771973079
accuracy: 0.9966748516472274
accuracy: 0.9973345771973079
