PSNR: 36.023768892266254
outliers: 749accuracy: 0.9964673913043478
accuracy: 0.9920922570016475
accuracy: 0.995242236660357
accuracy: 0.9938741414516429
accuracy: 0.9974747474747475
