PSNR: 36.18668319588694
outliers: 797accuracy: 0.9957229129662523
accuracy: 0.9910530146791217
accuracy: 0.9953125
accuracy: 0.9953125
accuracy: 0.9910530146791217
accuracy: 0.9966748516472274
