PSNR: 36.12429907963111
outliers: 7570accuracy: 0.9953125
accuracy: 0.9973345771973079
accuracy: 0.9957229129662523
accuracy: 0.9966748516472274
accuracy: 0.9973345771973079
accuracy: 0.9976935749588138
