PSNR: 36.10594298480428
outliers: 7429accuracy: 0.9964673913043478
accuracy: 0.9920922570016475
accuracy: 0.9951913239206057
accuracy: 0.9939202673225971
accuracy: 0.9974747474747475
