PSNR: 33.168796187678126
outliers: 20310accuracy: 0.9966748516472274
accuracy: 0.9966748516472274
accuracy: 0.9960389503218353
accuracy: 0.9960389503218353
accuracy: 0.9910530146791217
